1
0.72 0.72 0.72 0.72
4.23 4.23 4.23 4.23
56.70 56.70 56.70 56.70
461.23 461.23 461.23 461.23
7666.35 7666.35 7666.35 7666.35
 
2
0.71 0.44 0.58 0.36
5.24 5.20 5.22 2.62
50.38 50.15 50.26 25.19
500.30 499.47 499.88 250.15
3594.29 3588.58 3591.44 1797.15
 
3
0.57 0.37 0.47 0.46
3.02 2.98 3.00 3.01
30.50 20.39 27.12 30.47
284.69 281.96 283.60 284.15
3620.68 2112.74 3117.26 3618.35
 
4
0.75 0.30 0.43 0.54
2.48 1.93 2.21 2.46
23.08 15.40 18.69 20.71
228.89 152.86 185.14 204.21
2293.86 1539.78 1917.46 2293.21
 
6
0.60 0.28 0.36 0.34
2.02 1.15 1.61 1.70
16.91 10.25 14.78 16.15
154.26 101.28 129.42 140.95
3142.84 1060.69 1789.67 1794.88
 
8
0.61 0.28 0.37 0.36
1.76 1.01 1.30 1.32
13.77 7.83 10.25 10.81
274.79 76.31 162.92 165.96
2081.73 894.53 1353.84 1515.06
 
12
0.39 0.21 0.31 0.32
1.41 0.67 0.91 0.87
9.47 6.13 7.92 8.57
89.98 59.96 76.64 83.23
898.16 526.95 756.20 832.95
 
